0 1 3
125 126 2
32 10 2
64 21 2
62 91 2
63 64 2
32 33 2
62 103 2
128 64 2
65 20 2
33 18 2
95 96 2
62 119 2
33 34 2
33 37 2
127 128 2
99 20 2
3 4 2
33 75 2
97 98 2
3 16 2
2 53 2
34 62 2
3 26 2
35 36 2
33 102 2
3 33 2
3 35 2
4 5 2
2 67 2
2 71 2
98 99 2
3 50 2
2 82 2
67 68 2
3 60 2
5 6 2
101 33 2
68 69 2
70 10 2
102 20 2
37 38 2
37 40 2
6 7 2
37 50 2
3 107 2
100 101 2
69 70 2
3 118 2
38 39 2
3 124 2
39 10 2
7 8 2
68 117 2
7 18 2
40 8 4
8 2 2
8 9 2
8 25 2
71 72 2
8 27 2
104 55 2
9 10 2
8 46 2
103 104 2
72 73 2
106 20 2
10 2 2
41 42 2
8 65 2
107 10 2
8 81 2
8 85 2
10 25 4
73 74 2
75 15 2
8 95 2
10 40 2
10 41 2
8 112 2
105 106 2
10 52 2
108 18 2
74 75 2
8 125 2
76 20 2
43 44 2
12 13 2
10 79 2
44 45 2
13 14 2
10 108 2
12 47 2
75 97 2
110 20 2
45 37 2
46 20 2
14 15 2
78 32 2
77 78 2
15 16 2
109 110 2
80 18 2
47 48 2
16 17 2
81 2 2
111 72 2
16 18 2
79 80 2
15 76 2
17 18 2
15 81 2
114 18 2
49 37 2
18 2 2
82 20 2
81 59 2
18 19 2
112 113 2
115 20 2
18 30 2
51 10 2
81 89 2
50 51 2
18 48 2
19 20 2
18 53 4
84 8 2
18 56 2
116 18 2
52 8 2
18 68 2
20 12 2
50 84 2
18 77 2
20 18 8
18 81 2
20 21 2
20 24 2
18 88 2
117 20 2
20 28 2
18 92 4
20 34 2
18 100 2
18 105 2
18 109 2
18 111 2
21 22 4
18 115 2
18 120 2
18 122 2
18 123 2
18 127 2
20 66 2
18 129 2
53 54 2
20 83 2
53 63 2
119 18 2
20 94 2
118 62 2
85 86 2
55 18 6
20 109 2
23 18 2
20 116 2
23 24 2
22 55 2
88 15 2
86 87 2
24 25 4
121 18 2
120 60 2
25 10 2
87 88 2
56 57 2
25 31 2
26 8 2
57 58 2
59 8 2
91 18 2
59 18 2
89 90 2
90 62 2
124 8 2
27 20 2
58 59 2
28 29 2
93 20 2
29 18 2
60 61 2
126 20 2
30 10 2
62 18 2
92 93 4
61 62 2
60 121 2
64 8 2
31 32 2
